[CorrParam1]
Cor. File=C:\HUBIS\J190_Weld\Reference\D2_1796.ct5
Scale Factor=100.000000
KX=1.000000
KY=1.000000
OffsetX=0.000000
OffsetY=0.000000
Theta=0.000000